{
 "cells": [
  {
   "cell_type": "markdown",
   "metadata": {
    "id": "2h2z7s9_ifjh"
   },
   "source": [
    "Travelling salesman problem\n",
    "The travelling salesman problem is one of the classic NPhard optimization problems. In this problem, there are n cities\n",
    "and the distances between the cities are given by a distance\n",
    "matrix D={dij} (dij the distance between city i and j). There is\n",
    "a salesman who must visit each city exactly once and\n",
    "minimize the time of the complete tour. It is assumed that the\n",
    "speed of the salesman is constant (vc) and he tries to minimize\n",
    "the time of the tour**3. \n",
    "The objective function is given by:\n",
    "f(x)=k=1∑n−1​txk​,xk+1​​+txn​,x1​​."
   ]
  },
  {
   "cell_type": "code",
   "execution_count": 1,
   "metadata": {
    "id": "CZcrNF7cIJeG"
   },
   "outputs": [],
   "source": [
    "import numpy as np\n",
    "from pathlib import Path\n",
    "import sys"
   ]
  },
  {
   "cell_type": "code",
   "execution_count": 5,
   "metadata": {},
   "outputs": [
    {
     "name": "stdout",
     "output_type": "stream",
     "text": [
      "local path:\t/home/gheorghe/Desktop/Proiecte/master/MIN_metode_inspirate_din_natura/laborator_1/TTP\n",
      "show path:\t/home/gheorghe/Desktop/Proiecte/master/MIN_metode_inspirate_din_natura\n"
     ]
    }
   ],
   "source": [
    "LCL_PATH  = str(Path().cwd())\n",
    "SHOW_PATH = str(Path(LCL_PATH).parent.parent)\n",
    "print(\"local path:\\t{}\\nshow path:\\t{}\".format(LCL_PATH, SHOW_PATH))"
   ]
  },
  {
   "cell_type": "code",
   "execution_count": 5,
   "metadata": {},
   "outputs": [],
   "source": [
    "\n",
    "# adding local_folder to the system path\n",
    "sys.path.append(LCL_PATH)\n",
    "sys.path.append(\"C:\\\\Users\\\\Matei\\\\MLProjects\\\\UAIC-MIAO1\\\\Sem-1\\\\Metode-inspirate-din-natura\\\\Homeworks\\\\MIN\\\\imshow.py\")\n",
    "\n",
    "def remove_modules(modules_name, *arg):\n",
    "    if (modules_name in sys.modules):\n",
    "        del sys.modules[modules_name]\n",
    "        for key in arg:\n",
    "            tmp_modules = \"{}.{}\".format(modules_name, key)\n",
    "            del sys.modules[tmp_modules]"
   ]
  },
  {
   "cell_type": "code",
   "execution_count": 6,
   "metadata": {},
   "outputs": [
    {
     "ename": "ModuleNotFoundError",
     "evalue": "No module named 'imshow'",
     "output_type": "error",
     "traceback": [
      "\u001b[31m---------------------------------------------------------------------------\u001b[39m",
      "\u001b[31mModuleNotFoundError\u001b[39m                       Traceback (most recent call last)",
      "\u001b[36mCell\u001b[39m\u001b[36m \u001b[39m\u001b[32mIn[6]\u001b[39m\u001b[32m, line 6\u001b[39m\n\u001b[32m      3\u001b[39m remove_modules(\u001b[33m\"\u001b[39m\u001b[33mbuilds.genetic_optimizer_TSP\u001b[39m\u001b[33m\"\u001b[39m)\n\u001b[32m      4\u001b[39m remove_modules(\u001b[33m\"\u001b[39m\u001b[33mbuilds.genetic_optimizer_TSP_groups\u001b[39m\u001b[33m\"\u001b[39m)\n\u001b[32m----> \u001b[39m\u001b[32m6\u001b[39m \u001b[38;5;28;01mfrom\u001b[39;00m\u001b[38;5;250m \u001b[39m\u001b[34;01mimshow\u001b[39;00m\u001b[38;5;250m \u001b[39m\u001b[38;5;28;01mimport\u001b[39;00m *\n\u001b[32m      7\u001b[39m \u001b[38;5;28;01mfrom\u001b[39;00m\u001b[38;5;250m \u001b[39m\u001b[34;01mbuilds\u001b[39;00m\u001b[34;01m.\u001b[39;00m\u001b[34;01mttp_generator\u001b[39;00m\u001b[38;5;250m \u001b[39m\u001b[38;5;28;01mimport\u001b[39;00m *\n\u001b[32m      8\u001b[39m \u001b[38;5;28;01mfrom\u001b[39;00m\u001b[38;5;250m \u001b[39m\u001b[34;01mbuilds\u001b[39;00m\u001b[34;01m.\u001b[39;00m\u001b[34;01mgenetic_optimizer_TSP\u001b[39;00m\u001b[38;5;250m \u001b[39m\u001b[38;5;28;01mimport\u001b[39;00m *\n",
      "\u001b[31mModuleNotFoundError\u001b[39m: No module named 'imshow'"
     ]
    }
   ],
   "source": [
    "\n",
    "remove_modules(\"imshow\")\n",
    "remove_modules(\"builds.ttp_generator\")\n",
    "remove_modules(\"builds.genetic_optimizer_TSP\")\n",
    "remove_modules(\"builds.genetic_optimizer_TSP_groups\")\n",
    "\n",
    "from imshow import *\n",
    "from builds.ttp_generator import *\n",
    "from builds.genetic_optimizer_TSP import *\n",
    "from builds.genetic_optimizer_TSP_groups import *"
   ]
  },
  {
   "cell_type": "markdown",
   "metadata": {
    "id": "KKZ7vGOcxCGU",
    "jp-MarkdownHeadingCollapsed": true
   },
   "source": [
    "# Map Generator"
   ]
  },
  {
   "cell_type": "code",
   "execution_count": null,
   "metadata": {
    "colab": {
     "base_uri": "https://localhost:8080/"
    },
    "id": "d8C3AisUxOOm",
    "outputId": "c6f2ba3e-d6a1-4245-cc47-15127eb00cb8",
    "scrolled": true
   },
   "outputs": [
    {
     "data": {
      "text/plain": [
       "array([[  0.        , 185.72291189, 163.76812877, 200.84820139,\n",
       "         82.71033793, 156.70673247, 111.6467644 ,  36.24913792,\n",
       "        203.40353979, 198.0807916 , 125.51493935,  23.08679276,\n",
       "        178.75122377, 195.47889912, 251.07966863, 111.98660634,\n",
       "        121.60592091,  94.5568612 , 166.09033687,  67.26812024],\n",
       "       [185.72291189,   0.        , 121.11564721,  19.20937271,\n",
       "        103.24727599, 192.60841103, 244.00819658, 197.04060495,\n",
       "        138.22445514,  20.61552813, 179.01117284, 207.96634343,\n",
       "        159.76545309,  62.16912417, 162.50538453, 250.63519306,\n",
       "         91.        , 161.9197332 , 207.25105549, 197.14461697],\n",
       "       [163.76812877, 121.11564721,   0.        , 139.28388277,\n",
       "        117.88553771, 258.93821657, 159.45218719, 193.91235133,\n",
       "        240.91699815, 141.67568599, 233.58510226, 185.17289218,\n",
       "         38.83297568,  73.59347797,  87.32124598, 168.07438829,\n",
       "        156.89486926, 203.59027482, 273.26543872, 213.03755537],\n",
       "       [200.84820139,  19.20937271, 139.28388277,   0.        ,\n",
       "        118.13974776, 193.98195792, 262.6880279 , 209.86185933,\n",
       "        130.92364187,   5.65685425, 183.30848316, 222.68587741,\n",
       "        177.7301325 ,  76.        , 174.94284781, 269.20066865,\n",
       "         98.06120538, 169.31922513, 208.3122656 , 207.4728898 ],\n",
       "       [ 82.71033793, 103.24727599, 117.88553771, 118.13974776,\n",
       "          0.        , 142.44297104, 160.89748289,  95.75489544,\n",
       "        147.41099009, 115.43396381, 115.88356225, 104.73776778,\n",
       "        148.00337834, 122.56018929, 199.40912717, 165.41463055,\n",
       "         54.08326913,  85.80209788, 156.38733964, 103.31505215],\n",
       "       [156.70673247, 192.60841103, 258.93821657, 193.98195792,\n",
       "        142.44297104,   0.        , 268.15294143, 128.75169902,\n",
       "         94.33981132, 188.48076825,  31.25699922, 160.64868502,\n",
       "        290.42899304, 242.71176321, 334.82234095, 268.69313352,\n",
       "        107.16809227,  64.        ,  14.86606875,  97.50897395],\n",
       "       [111.6467644 , 244.00819658, 159.45218719, 262.6880279 ,\n",
       "        160.89748289, 268.15294143,   0.        , 144.03124661,\n",
       "        304.55541368, 262.09349477, 236.90715481, 113.53413584,\n",
       "        148.08443537, 223.61797781, 232.21541723,   9.05538514,\n",
       "        213.51580738, 205.13897728, 277.73548567, 177.00282484],\n",
       "       [ 36.24913792, 197.04060495, 193.91235133, 209.86185933,\n",
       "         95.75489544, 128.75169902, 144.03124661,   0.        ,\n",
       "        188.9047379 , 206.28620894,  98.48857802,  32.01562119,\n",
       "        212.13674835, 216.63333077, 280.96441056, 143.12581877,\n",
       "        119.54078802,  72.00694411, 136.30847369,  33.06055051],\n",
       "       [203.40353979, 138.22445514, 240.91699815, 130.92364187,\n",
       "        147.41099009,  94.33981132, 304.55541368, 188.9047379 ,\n",
       "          0.        , 125.39936204, 105.47511555, 216.60101569,\n",
       "        278.30379085, 199.09043171, 299.16216338, 307.76614499,\n",
       "         93.40770846, 118.40608092, 104.04326023, 166.46921637],\n",
       "       [198.0807916 ,  20.61552813, 141.67568599,   5.65685425,\n",
       "        115.43396381, 188.48076825, 262.09349477, 206.28620894,\n",
       "        125.39936204,   0.        , 178.08424972, 219.73848093,\n",
       "        180.27756377,  80.09993758, 179.5243716 , 268.47159999,\n",
       "         93.38094024, 164.55090398, 202.78560107, 203.24615618],\n",
       "       [125.51493935, 179.01117284, 233.58510226, 183.30848316,\n",
       "        115.88356225,  31.25699922, 236.90715481,  98.48857802,\n",
       "        105.47511555, 178.08424972,   0.        , 130.17296186,\n",
       "        263.5185003 , 223.98660674, 312.34756282, 237.49736841,\n",
       "         89.05054744,  33.24154028,  42.42640687,  68.50547423],\n",
       "       [ 23.08679276, 207.96634343, 185.17289218, 222.68587741,\n",
       "        104.73776778, 160.64868502, 113.53413584,  32.01562119,\n",
       "        216.60101569, 219.73848093, 130.17296186,   0.        ,\n",
       "        198.00252524, 218.5520533 , 272.35638417, 112.01785572,\n",
       "        139.7891269 , 102.21545871, 168.32409216,  64.77653896],\n",
       "       [178.75122377, 159.76545309,  38.83297568, 177.7301325 ,\n",
       "        148.00337834, 290.42899304, 148.08443537, 212.13674835,\n",
       "        278.30379085, 180.27756377, 263.5185003 , 198.00252524,\n",
       "          0.        , 108.75660899,  84.14867795, 157.11460785,\n",
       "        191.80198122, 232.13142829, 304.3846251 , 235.21266973],\n",
       "       [195.47889912,  62.16912417,  73.59347797,  76.        ,\n",
       "        122.56018929, 242.71176321, 223.61797781, 216.63333077,\n",
       "        199.09043171,  80.09993758, 223.98660674, 218.5520533 ,\n",
       "        108.75660899,   0.        , 100.42410069, 231.56208671,\n",
       "        135.76450199, 200.55173896, 257.5771729 , 225.71885167],\n",
       "       [251.07966863, 162.50538453,  87.32124598, 174.94284781,\n",
       "        199.40912717, 334.82234095, 232.21541723, 280.96441056,\n",
       "        299.16216338, 179.5243716 , 312.34756282, 272.35638417,\n",
       "         84.14867795, 100.42410069,   0.        , 241.25090673,\n",
       "        228.32652058, 284.60850304, 349.56687486, 298.76077386],\n",
       "       [111.98660634, 250.63519306, 168.07438829, 269.20066865,\n",
       "        165.41463055, 268.69313352,   9.05538514, 143.12581877,\n",
       "        307.76614499, 268.47159999, 237.49736841, 112.01785572,\n",
       "        157.11460785, 231.56208671, 241.25090673,   0.        ,\n",
       "        217.45114394, 206.15528128, 277.89386463, 176.18172436],\n",
       "       [121.60592091,  91.        , 156.89486926,  98.06120538,\n",
       "         54.08326913, 107.16809227, 213.51580738, 119.54078802,\n",
       "         93.40770846,  93.38094024,  89.05054744, 139.7891269 ,\n",
       "        191.80198122, 135.76450199, 228.32652058, 217.45114394,\n",
       "          0.        ,  71.30918594, 122.02458769, 111.16204388],\n",
       "       [ 94.5568612 , 161.9197332 , 203.59027482, 169.31922513,\n",
       "         85.80209788,  64.        , 205.13897728,  72.00694411,\n",
       "        118.40608092, 164.55090398,  33.24154028, 102.21545871,\n",
       "        232.13142829, 200.55173896, 284.60850304, 206.15528128,\n",
       "         71.30918594,   0.        ,  75.66372975,  48.37354649],\n",
       "       [166.09033687, 207.25105549, 273.26543872, 208.3122656 ,\n",
       "        156.38733964,  14.86606875, 277.73548567, 136.30847369,\n",
       "        104.04326023, 202.78560107,  42.42640687, 168.32409216,\n",
       "        304.3846251 , 257.5771729 , 349.56687486, 277.89386463,\n",
       "        122.02458769,  75.66372975,   0.        , 104.04326023],\n",
       "       [ 67.26812024, 197.14461697, 213.03755537, 207.4728898 ,\n",
       "        103.31505215,  97.50897395, 177.00282484,  33.06055051,\n",
       "        166.46921637, 203.24615618,  68.50547423,  64.77653896,\n",
       "        235.21266973, 225.71885167, 298.76077386, 176.18172436,\n",
       "        111.16204388,  48.37354649, 104.04326023,   0.        ]])"
      ]
     },
     "execution_count": 5,
     "metadata": {},
     "output_type": "execute_result"
    }
   ],
   "source": [
    "ttp_generator = TTPGenerator(nbr_city=20, max_distance=300)\n",
    "map_of_distance = ttp_generator()\n",
    "map_of_distance"
   ]
  },
  {
   "cell_type": "code",
   "execution_count": null,
   "metadata": {
    "colab": {
     "base_uri": "https://localhost:8080/",
     "height": 340
    },
    "id": "d485cgLuCb3E",
    "outputId": "c62837ca-a328-4b58-c1fe-42f7d6d6ab47",
    "scrolled": true
   },
   "outputs": [],
   "source": [
    "map_img = ttp_generator.putRoutesOnMap([0, 1, 2 ,3 ])\n",
    "image_show_wait(map_img)"
   ]
  },
  {
   "cell_type": "code",
   "execution_count": null,
   "metadata": {
    "scrolled": true
   },
   "outputs": [],
   "source": [
    "\n",
    "filename = \"a280_n279_bounded-strongly-corr_01.ttp\"\n",
    "filename = \"{}/data/{}\".format(LCL_PATH, filename)\n",
    "ttp_generator.read(filename)"
   ]
  },
  {
   "cell_type": "markdown",
   "metadata": {
    "id": "v3UOehTcxP_V"
   },
   "source": [
    "# Genetic Algorithm"
   ]
  },
  {
   "cell_type": "markdown",
   "metadata": {
    "id": "lnbtZXVgfSfs"
   },
   "source": [
    "## Fit"
   ]
  },
  {
   "cell_type": "code",
   "execution_count": null,
   "metadata": {
    "id": "bc3wnilQ6Yov"
   },
   "outputs": [
    {
     "name": "stdout",
     "output_type": "stream",
     "text": [
      "name: TSP_0\n",
      "    POPULATION_SIZE = 150\n",
      "    GENOME_LENGTH   = 20\n",
      "    MUTATION_RATE   = 0.81\n",
      "    CROSSOVER_RATE  = 0.5\n",
      "    SELECT_RATE     = 0.3\n",
      "    K_BEST          = 25\n",
      "    GENERATIONS     = 5\n",
      "name: TSP_1\n",
      "    POPULATION_SIZE = 150\n",
      "    GENOME_LENGTH   = 20\n",
      "    MUTATION_RATE   = 0.81\n",
      "    CROSSOVER_RATE  = 0.5\n",
      "    SELECT_RATE     = 0.3\n",
      "    K_BEST          = 25\n",
      "    GENERATIONS     = 5\n",
      "name: TSP_2\n",
      "    POPULATION_SIZE = 150\n",
      "    GENOME_LENGTH   = 20\n",
      "    MUTATION_RATE   = 0.81\n",
      "    CROSSOVER_RATE  = 0.5\n",
      "    SELECT_RATE     = 0.3\n",
      "    K_BEST          = 25\n",
      "    GENERATIONS     = 5\n",
      "name: TSP_3\n",
      "    POPULATION_SIZE = 150\n",
      "    GENOME_LENGTH   = 20\n",
      "    MUTATION_RATE   = 0.81\n",
      "    CROSSOVER_RATE  = 0.5\n",
      "    SELECT_RATE     = 0.3\n",
      "    K_BEST          = 25\n",
      "    GENERATIONS     = 5\n",
      "name: TSP_4\n",
      "    POPULATION_SIZE = 150\n",
      "    GENOME_LENGTH   = 20\n",
      "    MUTATION_RATE   = 0.81\n",
      "    CROSSOVER_RATE  = 0.5\n",
      "    SELECT_RATE     = 0.3\n",
      "    K_BEST          = 25\n",
      "    GENERATIONS     = 5\n",
      "name: TSP_5\n",
      "    POPULATION_SIZE = 150\n",
      "    GENOME_LENGTH   = 20\n",
      "    MUTATION_RATE   = 0.81\n",
      "    CROSSOVER_RATE  = 0.5\n",
      "    SELECT_RATE     = 0.3\n",
      "    K_BEST          = 25\n",
      "    GENERATIONS     = 5\n",
      "\n"
     ]
    }
   ],
   "source": [
    "\n",
    "#tsp = TSP()\n",
    "lst_tsp = [TSP(\"TSP_{}\".format(i)) for i in range(6)]\n",
    "group_tsp = GroupTSP(lst_tsp)"
   ]
  },
  {
   "cell_type": "code",
   "execution_count": null,
   "metadata": {
    "colab": {
     "base_uri": "https://localhost:8080/",
     "height": 1000
    },
    "id": "wWODfSBHhVvd",
    "outputId": "6e171c7b-a4bf-427d-b5c6-3ff6bf595a31"
   },
   "outputs": [
    {
     "name": "stdout",
     "output_type": "stream",
     "text": [
      "{'POPULATION_SIZE': 300, 'MUTATION_RATE': 0.085, 'CROSSOVER_RATE': 0.5, 'SELECT_RATE': 0.3, 'K_DISTANCE': 1.0, 'K_NBR_CITY': 0.9, 'K_BEST': 25}\n",
      "Idx 0\n",
      "TSP_0, Generatia: 0, Distanta: 1549.640, Best fitness 1.000, Best Distanta: 1474.824, Min distance 1549.640\n",
      "TSP_0, Generatia: 1, Distanta: 1540.749, Best fitness 1.000, Best Distanta: 1454.793, Min distance 1540.749\n",
      "TSP_0, Generatia: 2, Distanta: 1483.178, Best fitness 1.000, Best Distanta: 1462.548, Min distance 1483.178\n",
      "TSP_0, Generatia: 3, Distanta: 1471.286, Best fitness 1.000, Best Distanta: 1462.548, Min distance 1471.286\n",
      "TSP_0, Generatia: 4, Distanta: 1453.334, Best fitness 1.000, Best Distanta: 1390.697, Min distance 1453.334\n",
      "Idx 1\n",
      "TSP_1, Generatia: 0, Distanta: 1366.835, Best fitness 1.000, Best Distanta: 1252.683, Min distance 1366.835\n",
      "similar size 285, population size 300\n",
      "TSP_1, Generatia: 1, Distanta: 1366.835, Best fitness 1.000, Best Distanta: 1252.683, Min distance 1366.835\n",
      "TSP_1, Generatia: 2, Distanta: 1366.835, Best fitness 1.000, Best Distanta: 1366.835, Min distance 1366.835\n",
      "TSP_1, Generatia: 3, Distanta: 1366.835, Best fitness 1.000, Best Distanta: 1252.683, Min distance 1366.835\n",
      "TSP_1, Generatia: 4, Distanta: 1366.835, Best fitness 1.000, Best Distanta: 1252.683, Min distance 1366.835\n",
      "Idx 2\n",
      "TSP_2, Generatia: 0, Distanta: 1280.959, Best fitness 1.000, Best Distanta: 1280.959, Min distance 1280.959\n",
      "TSP_2, Generatia: 1, Distanta: 1280.959, Best fitness 1.000, Best Distanta: 1166.807, Min distance 1280.959\n",
      "TSP_2, Generatia: 2, Distanta: 1280.959, Best fitness 1.000, Best Distanta: 1166.807, Min distance 1280.959\n",
      "TSP_2, Generatia: 3, Distanta: 1280.959, Best fitness 1.000, Best Distanta: 1166.807, Min distance 1280.959\n",
      "similar size 216, population size 300\n",
      "TSP_2, Generatia: 4, Distanta: 1280.959, Best fitness 1.000, Best Distanta: 1166.807, Min distance 1280.959\n",
      "Idx 3\n",
      "TSP_3, Generatia: 0, Distanta: 1343.203, Best fitness 1.000, Best Distanta: 1203.039, Min distance 1343.203\n",
      "TSP_3, Generatia: 1, Distanta: 1343.203, Best fitness 1.000, Best Distanta: 1203.039, Min distance 1343.203\n",
      "TSP_3, Generatia: 2, Distanta: 1343.203, Best fitness 1.000, Best Distanta: 1203.039, Min distance 1343.203\n",
      "TSP_3, Generatia: 3, Distanta: 1343.203, Best fitness 1.000, Best Distanta: 1203.039, Min distance 1343.203\n",
      "similar size 274, population size 300\n",
      "TSP_3, Generatia: 4, Distanta: 1343.203, Best fitness 1.000, Best Distanta: 1203.039, Min distance 1343.203\n",
      "Idx 4\n",
      "TSP_4, Generatia: 0, Distanta: 1296.047, Best fitness 1.000, Best Distanta: 1216.934, Min distance 1296.047\n",
      "TSP_4, Generatia: 1, Distanta: 1296.047, Best fitness 1.000, Best Distanta: 1215.186, Min distance 1296.047\n",
      "similar size 286, population size 300\n",
      "TSP_4, Generatia: 2, Distanta: 1296.047, Best fitness 1.000, Best Distanta: 1220.231, Min distance 1296.047\n",
      "TSP_4, Generatia: 3, Distanta: 1296.047, Best fitness 1.000, Best Distanta: 1296.047, Min distance 1296.047\n",
      "TSP_4, Generatia: 4, Distanta: 1296.047, Best fitness 1.000, Best Distanta: 1220.621, Min distance 1296.047\n",
      "Last group\n",
      "similar size 120, population size 300\n",
      "TSP_5, Generatia: 0, Distanta: 1250.859, Best fitness 1.000, Best Distanta: 1169.997, Min distance 1250.859\n",
      "TSP_5, Generatia: 1, Distanta: 1250.859, Best fitness 1.000, Best Distanta: 1246.608, Min distance 1250.859\n",
      "TSP_5, Generatia: 2, Distanta: 1250.859, Best fitness 1.000, Best Distanta: 1175.043, Min distance 1250.859\n",
      "TSP_5, Generatia: 3, Distanta: 1250.859, Best fitness 1.000, Best Distanta: 1175.043, Min distance 1250.859\n",
      "TSP_5, Generatia: 4, Distanta: 1250.859, Best fitness 1.000, Best Distanta: 1169.997, Min distance 1250.859\n",
      "TSP_5, Generatia: 0, Distanta: 1250.859, Best fitness 1.000, Best Distanta: 1169.997, Min distance 1250.859\n",
      "Idx 0\n",
      "TSP_0, Generatia: 0, Distanta: 1441.442, Best fitness 1.000, Best Distanta: 1386.463, Min distance 1441.442\n",
      "TSP_0, Generatia: 1, Distanta: 1430.370, Best fitness 1.000, Best Distanta: 1345.634, Min distance 1430.370\n",
      "TSP_0, Generatia: 2, Distanta: 1430.370, Best fitness 1.000, Best Distanta: 1348.961, Min distance 1430.370\n",
      "TSP_0, Generatia: 3, Distanta: 1418.688, Best fitness 1.000, Best Distanta: 1304.536, Min distance 1418.688\n",
      "similar size 281, population size 300\n",
      "TSP_0, Generatia: 4, Distanta: 1418.688, Best fitness 1.000, Best Distanta: 1304.536, Min distance 1418.688\n",
      "Idx 1\n",
      "TSP_1, Generatia: 0, Distanta: 1366.835, Best fitness 1.000, Best Distanta: 1252.683, Min distance 1366.835\n",
      "similar size 260, population size 300\n",
      "TSP_1, Generatia: 1, Distanta: 1366.835, Best fitness 1.000, Best Distanta: 1229.831, Min distance 1366.835\n",
      "TSP_1, Generatia: 2, Distanta: 1366.835, Best fitness 1.000, Best Distanta: 1353.052, Min distance 1366.835\n",
      "TSP_1, Generatia: 3, Distanta: 1366.835, Best fitness 1.000, Best Distanta: 1252.683, Min distance 1366.835\n",
      "TSP_1, Generatia: 4, Distanta: 1366.835, Best fitness 1.000, Best Distanta: 1252.683, Min distance 1366.835\n",
      "Idx 2\n",
      "TSP_2, Generatia: 0, Distanta: 1280.959, Best fitness 1.000, Best Distanta: 1185.661, Min distance 1280.959\n",
      "TSP_2, Generatia: 1, Distanta: 1280.959, Best fitness 1.000, Best Distanta: 1166.807, Min distance 1280.959\n",
      "TSP_2, Generatia: 2, Distanta: 1280.959, Best fitness 1.000, Best Distanta: 1166.807, Min distance 1280.959\n",
      "TSP_2, Generatia: 3, Distanta: 1280.959, Best fitness 1.000, Best Distanta: 1166.807, Min distance 1280.959\n",
      "similar size 295, population size 300\n",
      "TSP_2, Generatia: 4, Distanta: 1280.959, Best fitness 1.000, Best Distanta: 1166.807, Min distance 1280.959\n",
      "Idx 3\n",
      "TSP_3, Generatia: 0, Distanta: 1343.203, Best fitness 1.000, Best Distanta: 1333.786, Min distance 1343.203\n",
      "TSP_3, Generatia: 1, Distanta: 1343.203, Best fitness 1.000, Best Distanta: 1203.039, Min distance 1343.203\n",
      "TSP_3, Generatia: 2, Distanta: 1343.203, Best fitness 1.000, Best Distanta: 1203.039, Min distance 1343.203\n",
      "TSP_3, Generatia: 3, Distanta: 1343.203, Best fitness 1.000, Best Distanta: 1201.463, Min distance 1343.203\n",
      "similar size 268, population size 300\n",
      "TSP_3, Generatia: 4, Distanta: 1343.203, Best fitness 1.000, Best Distanta: 1203.039, Min distance 1343.203\n",
      "Idx 4\n",
      "TSP_4, Generatia: 0, Distanta: 1296.047, Best fitness 1.000, Best Distanta: 1220.231, Min distance 1296.047\n",
      "TSP_4, Generatia: 1, Distanta: 1296.047, Best fitness 1.000, Best Distanta: 1220.231, Min distance 1296.047\n",
      "similar size 212, population size 300\n",
      "TSP_4, Generatia: 2, Distanta: 1296.047, Best fitness 1.000, Best Distanta: 1220.231, Min distance 1296.047\n",
      "TSP_4, Generatia: 3, Distanta: 1296.047, Best fitness 1.000, Best Distanta: 1220.231, Min distance 1296.047\n",
      "TSP_4, Generatia: 4, Distanta: 1296.047, Best fitness 1.000, Best Distanta: 1220.621, Min distance 1296.047\n",
      "Last group\n",
      "similar size 235, population size 300\n",
      "TSP_5, Generatia: 0, Distanta: 1250.859, Best fitness 1.000, Best Distanta: 1175.043, Min distance 1250.859\n",
      "TSP_5, Generatia: 1, Distanta: 1250.859, Best fitness 1.000, Best Distanta: 1226.289, Min distance 1250.859\n",
      "TSP_5, Generatia: 2, Distanta: 1250.859, Best fitness 1.000, Best Distanta: 1217.433, Min distance 1250.859\n",
      "TSP_5, Generatia: 3, Distanta: 1250.859, Best fitness 1.000, Best Distanta: 1175.043, Min distance 1250.859\n",
      "TSP_5, Generatia: 4, Distanta: 1250.859, Best fitness 1.000, Best Distanta: 1169.997, Min distance 1250.859\n",
      "TSP_5, Generatia: 1, Distanta: 1250.859, Best fitness 1.000, Best Distanta: 1169.997, Min distance 1250.859\n",
      "Idx 0\n",
      "TSP_0, Generatia: 0, Distanta: 1418.688, Best fitness 1.000, Best Distanta: 1311.466, Min distance 1418.688\n",
      "TSP_0, Generatia: 1, Distanta: 1417.222, Best fitness 1.000, Best Distanta: 1311.466, Min distance 1417.222\n",
      "TSP_0, Generatia: 2, Distanta: 1417.222, Best fitness 1.000, Best Distanta: 1304.536, Min distance 1417.222\n",
      "TSP_0, Generatia: 3, Distanta: 1417.222, Best fitness 1.000, Best Distanta: 1304.536, Min distance 1417.222\n",
      "similar size 246, population size 300\n",
      "TSP_0, Generatia: 4, Distanta: 1417.222, Best fitness 1.000, Best Distanta: 1303.070, Min distance 1417.222\n",
      "Idx 1\n",
      "TSP_1, Generatia: 0, Distanta: 1366.835, Best fitness 1.000, Best Distanta: 1225.044, Min distance 1366.835\n",
      "similar size 258, population size 300\n",
      "TSP_1, Generatia: 1, Distanta: 1366.835, Best fitness 1.000, Best Distanta: 1252.683, Min distance 1366.835\n",
      "TSP_1, Generatia: 2, Distanta: 1366.835, Best fitness 1.000, Best Distanta: 1286.862, Min distance 1366.835\n",
      "TSP_1, Generatia: 3, Distanta: 1366.835, Best fitness 1.000, Best Distanta: 1252.683, Min distance 1366.835\n",
      "TSP_1, Generatia: 4, Distanta: 1366.835, Best fitness 1.000, Best Distanta: 1252.683, Min distance 1366.835\n",
      "Idx 2\n",
      "TSP_2, Generatia: 0, Distanta: 1280.959, Best fitness 1.000, Best Distanta: 1166.807, Min distance 1280.959\n",
      "TSP_2, Generatia: 1, Distanta: 1280.959, Best fitness 1.000, Best Distanta: 1166.807, Min distance 1280.959\n",
      "TSP_2, Generatia: 2, Distanta: 1280.959, Best fitness 1.000, Best Distanta: 1166.807, Min distance 1280.959\n",
      "TSP_2, Generatia: 3, Distanta: 1280.959, Best fitness 1.000, Best Distanta: 1166.807, Min distance 1280.959\n",
      "similar size 261, population size 300\n",
      "TSP_2, Generatia: 4, Distanta: 1280.959, Best fitness 1.000, Best Distanta: 1166.807, Min distance 1280.959\n",
      "Idx 3\n",
      "TSP_3, Generatia: 0, Distanta: 1343.203, Best fitness 1.000, Best Distanta: 1341.627, Min distance 1343.203\n",
      "TSP_3, Generatia: 1, Distanta: 1343.203, Best fitness 1.000, Best Distanta: 1203.039, Min distance 1343.203\n",
      "TSP_3, Generatia: 2, Distanta: 1343.203, Best fitness 1.000, Best Distanta: 1203.039, Min distance 1343.203\n",
      "TSP_3, Generatia: 3, Distanta: 1343.203, Best fitness 1.000, Best Distanta: 1203.039, Min distance 1343.203\n",
      "similar size 260, population size 300\n",
      "TSP_3, Generatia: 4, Distanta: 1343.203, Best fitness 1.000, Best Distanta: 1203.039, Min distance 1343.203\n",
      "Idx 4\n",
      "TSP_4, Generatia: 0, Distanta: 1296.047, Best fitness 1.000, Best Distanta: 1220.231, Min distance 1296.047\n",
      "TSP_4, Generatia: 1, Distanta: 1296.047, Best fitness 1.000, Best Distanta: 1220.231, Min distance 1296.047\n",
      "similar size 290, population size 300\n",
      "TSP_4, Generatia: 2, Distanta: 1296.047, Best fitness 1.000, Best Distanta: 1215.186, Min distance 1296.047\n",
      "TSP_4, Generatia: 3, Distanta: 1296.047, Best fitness 1.000, Best Distanta: 1220.231, Min distance 1296.047\n",
      "TSP_4, Generatia: 4, Distanta: 1296.047, Best fitness 1.000, Best Distanta: 1220.231, Min distance 1296.047\n",
      "Last group\n",
      "similar size 274, population size 300\n",
      "TSP_5, Generatia: 0, Distanta: 1250.859, Best fitness 1.000, Best Distanta: 1136.874, Min distance 1250.859\n",
      "TSP_5, Generatia: 1, Distanta: 1250.859, Best fitness 1.000, Best Distanta: 1184.885, Min distance 1250.859\n",
      "TSP_5, Generatia: 2, Distanta: 1250.859, Best fitness 1.000, Best Distanta: 1245.480, Min distance 1250.859\n",
      "TSP_5, Generatia: 3, Distanta: 1250.859, Best fitness 1.000, Best Distanta: 1175.043, Min distance 1250.859\n",
      "TSP_5, Generatia: 4, Distanta: 1250.859, Best fitness 1.000, Best Distanta: 1175.043, Min distance 1250.859\n",
      "TSP_5, Generatia: 2, Distanta: 1250.859, Best fitness 1.000, Best Distanta: 1175.043, Min distance 1250.859\n",
      "Migration\n",
      "Migration\n",
      "Migration\n",
      "Migration\n",
      "Check weak group\n",
      "Check weak group\n",
      "Check weak group\n",
      "Check weak group\n",
      "Check weak group\n",
      "Schimba cel mai slab group 0 [1250.8589 3494.4072 1366.8353 1280.9594 3259.0044]\n",
      "Idx 0\n",
      "TSP_0, Generatia: 0, Distanta: 1972.972, Best fitness 1.000, Best Distanta: 1804.687, Min distance 1972.972\n",
      "TSP_0, Generatia: 1, Distanta: 1972.972, Best fitness 1.000, Best Distanta: 1972.972, Min distance 1972.972\n",
      "TSP_0, Generatia: 2, Distanta: 1907.239, Best fitness 1.000, Best Distanta: 1907.239, Min distance 1907.239\n",
      "TSP_0, Generatia: 3, Distanta: 1892.280, Best fitness 1.000, Best Distanta: 1804.687, Min distance 1892.280\n",
      "TSP_0, Generatia: 4, Distanta: 1781.801, Best fitness 1.000, Best Distanta: 1545.299, Min distance 1781.801\n",
      "Idx 1\n",
      "TSP_1, Generatia: 0, Distanta: 1366.835, Best fitness 1.000, Best Distanta: 1252.683, Min distance 1366.835\n",
      "similar size 244, population size 300\n",
      "TSP_1, Generatia: 1, Distanta: 1366.835, Best fitness 1.000, Best Distanta: 1252.683, Min distance 1366.835\n",
      "TSP_1, Generatia: 2, Distanta: 1366.835, Best fitness 1.000, Best Distanta: 1366.835, Min distance 1366.835\n",
      "TSP_1, Generatia: 3, Distanta: 1366.835, Best fitness 1.000, Best Distanta: 1252.683, Min distance 1366.835\n",
      "TSP_1, Generatia: 4, Distanta: 1366.835, Best fitness 1.000, Best Distanta: 1252.683, Min distance 1366.835\n",
      "Idx 2\n",
      "TSP_2, Generatia: 0, Distanta: 1280.959, Best fitness 1.000, Best Distanta: 1105.998, Min distance 1280.959\n",
      "TSP_2, Generatia: 1, Distanta: 1280.959, Best fitness 1.000, Best Distanta: 1160.351, Min distance 1280.959\n",
      "TSP_2, Generatia: 2, Distanta: 1280.959, Best fitness 1.000, Best Distanta: 1166.807, Min distance 1280.959\n",
      "TSP_2, Generatia: 3, Distanta: 1280.959, Best fitness 1.000, Best Distanta: 1166.807, Min distance 1280.959\n",
      "similar size 288, population size 300\n",
      "TSP_2, Generatia: 4, Distanta: 1280.959, Best fitness 1.000, Best Distanta: 1166.807, Min distance 1280.959\n",
      "Idx 3\n",
      "TSP_3, Generatia: 0, Distanta: 1280.959, Best fitness 1.000, Best Distanta: 1280.959, Min distance 1280.959\n",
      "TSP_3, Generatia: 1, Distanta: 1280.959, Best fitness 1.000, Best Distanta: 1203.039, Min distance 1280.959\n",
      "TSP_3, Generatia: 2, Distanta: 1280.959, Best fitness 1.000, Best Distanta: 1166.807, Min distance 1280.959\n",
      "TSP_3, Generatia: 3, Distanta: 1280.959, Best fitness 1.000, Best Distanta: 1166.807, Min distance 1280.959\n",
      "similar size 241, population size 300\n",
      "TSP_3, Generatia: 4, Distanta: 1280.959, Best fitness 1.000, Best Distanta: 1166.807, Min distance 1280.959\n",
      "Idx 4\n",
      "TSP_4, Generatia: 0, Distanta: 1296.047, Best fitness 1.000, Best Distanta: 1220.231, Min distance 1296.047\n",
      "TSP_4, Generatia: 1, Distanta: 1296.047, Best fitness 1.000, Best Distanta: 1220.231, Min distance 1296.047\n",
      "similar size 233, population size 300\n",
      "TSP_4, Generatia: 2, Distanta: 1296.047, Best fitness 1.000, Best Distanta: 1220.231, Min distance 1296.047\n",
      "TSP_4, Generatia: 3, Distanta: 1296.047, Best fitness 1.000, Best Distanta: 1256.893, Min distance 1296.047\n",
      "TSP_4, Generatia: 4, Distanta: 1296.047, Best fitness 1.000, Best Distanta: 1289.350, Min distance 1296.047\n",
      "Last group\n",
      "similar size 280, population size 300\n",
      "TSP_5, Generatia: 0, Distanta: 1250.859, Best fitness 1.000, Best Distanta: 1175.043, Min distance 1250.859\n",
      "TSP_5, Generatia: 1, Distanta: 1250.859, Best fitness 1.000, Best Distanta: 1250.859, Min distance 1250.859\n",
      "TSP_5, Generatia: 2, Distanta: 1250.859, Best fitness 1.000, Best Distanta: 1175.043, Min distance 1250.859\n",
      "TSP_5, Generatia: 3, Distanta: 1250.859, Best fitness 1.000, Best Distanta: 1175.043, Min distance 1250.859\n",
      "TSP_5, Generatia: 4, Distanta: 1250.859, Best fitness 1.000, Best Distanta: 1175.043, Min distance 1250.859\n",
      "TSP_5, Generatia: 3, Distanta: 1250.859, Best fitness 1.000, Best Distanta: 1175.043, Min distance 1250.859\n",
      "Idx 0\n",
      "TSP_0, Generatia: 0, Distanta: 1781.801, Best fitness 1.000, Best Distanta: 1629.778, Min distance 1781.801\n",
      "TSP_0, Generatia: 1, Distanta: 1720.016, Best fitness 1.000, Best Distanta: 1545.299, Min distance 1720.016\n",
      "TSP_0, Generatia: 2, Distanta: 1687.844, Best fitness 1.000, Best Distanta: 1564.202, Min distance 1687.844\n",
      "TSP_0, Generatia: 3, Distanta: 1673.670, Best fitness 1.000, Best Distanta: 1519.584, Min distance 1673.670\n",
      "TSP_0, Generatia: 4, Distanta: 1641.498, Best fitness 1.000, Best Distanta: 1545.299, Min distance 1641.498\n",
      "Idx 1\n",
      "TSP_1, Generatia: 0, Distanta: 1366.835, Best fitness 1.000, Best Distanta: 1252.683, Min distance 1366.835\n",
      "similar size 202, population size 300\n",
      "TSP_1, Generatia: 1, Distanta: 1366.835, Best fitness 1.000, Best Distanta: 1252.683, Min distance 1366.835\n",
      "TSP_1, Generatia: 2, Distanta: 1366.835, Best fitness 1.000, Best Distanta: 1353.052, Min distance 1366.835\n",
      "TSP_1, Generatia: 3, Distanta: 1366.835, Best fitness 1.000, Best Distanta: 1252.683, Min distance 1366.835\n",
      "TSP_1, Generatia: 4, Distanta: 1366.835, Best fitness 1.000, Best Distanta: 1252.683, Min distance 1366.835\n",
      "Idx 2\n",
      "TSP_2, Generatia: 0, Distanta: 1280.959, Best fitness 1.000, Best Distanta: 1166.807, Min distance 1280.959\n",
      "TSP_2, Generatia: 1, Distanta: 1280.959, Best fitness 1.000, Best Distanta: 1166.807, Min distance 1280.959\n",
      "TSP_2, Generatia: 2, Distanta: 1280.959, Best fitness 1.000, Best Distanta: 1166.807, Min distance 1280.959\n",
      "TSP_2, Generatia: 3, Distanta: 1280.959, Best fitness 1.000, Best Distanta: 1035.329, Min distance 1280.959\n",
      "similar size 235, population size 300\n",
      "TSP_2, Generatia: 4, Distanta: 1280.959, Best fitness 1.000, Best Distanta: 1166.807, Min distance 1280.959\n",
      "Idx 3\n",
      "TSP_3, Generatia: 0, Distanta: 1280.959, Best fitness 1.000, Best Distanta: 1269.997, Min distance 1280.959\n",
      "TSP_3, Generatia: 1, Distanta: 1280.959, Best fitness 1.000, Best Distanta: 1204.167, Min distance 1280.959\n",
      "TSP_3, Generatia: 2, Distanta: 1280.959, Best fitness 1.000, Best Distanta: 1203.039, Min distance 1280.959\n",
      "TSP_3, Generatia: 3, Distanta: 1280.959, Best fitness 1.000, Best Distanta: 1166.807, Min distance 1280.959\n",
      "similar size 213, population size 300\n",
      "TSP_3, Generatia: 4, Distanta: 1280.959, Best fitness 1.000, Best Distanta: 1166.807, Min distance 1280.959\n",
      "Idx 4\n",
      "TSP_4, Generatia: 0, Distanta: 1296.047, Best fitness 1.000, Best Distanta: 1220.231, Min distance 1296.047\n",
      "TSP_4, Generatia: 1, Distanta: 1296.047, Best fitness 1.000, Best Distanta: 1220.231, Min distance 1296.047\n",
      "similar size 244, population size 300\n",
      "TSP_4, Generatia: 2, Distanta: 1296.047, Best fitness 1.000, Best Distanta: 1215.186, Min distance 1296.047\n",
      "TSP_4, Generatia: 3, Distanta: 1296.047, Best fitness 1.000, Best Distanta: 1296.047, Min distance 1296.047\n",
      "TSP_4, Generatia: 4, Distanta: 1296.047, Best fitness 1.000, Best Distanta: 1295.748, Min distance 1296.047\n",
      "Last group\n",
      "similar size 196, population size 300\n",
      "TSP_5, Generatia: 0, Distanta: 1250.859, Best fitness 1.000, Best Distanta: 1175.043, Min distance 1250.859\n",
      "TSP_5, Generatia: 1, Distanta: 1250.859, Best fitness 1.000, Best Distanta: 1214.031, Min distance 1250.859\n",
      "TSP_5, Generatia: 2, Distanta: 1250.859, Best fitness 1.000, Best Distanta: 1175.043, Min distance 1250.859\n",
      "TSP_5, Generatia: 3, Distanta: 1250.859, Best fitness 1.000, Best Distanta: 1169.997, Min distance 1250.859\n",
      "TSP_5, Generatia: 4, Distanta: 1250.859, Best fitness 1.000, Best Distanta: 1175.043, Min distance 1250.859\n",
      "TSP_5, Generatia: 4, Distanta: 1250.859, Best fitness 1.000, Best Distanta: 1175.043, Min distance 1250.859\n",
      "Idx 0\n",
      "TSP_0, Generatia: 0, Distanta: 1612.256, Best fitness 1.000, Best Distanta: 1446.084, Min distance 1612.256\n",
      "TSP_0, Generatia: 1, Distanta: 1518.231, Best fitness 1.000, Best Distanta: 1474.690, Min distance 1518.231\n",
      "TSP_0, Generatia: 2, Distanta: 1518.231, Best fitness 1.000, Best Distanta: 1447.247, Min distance 1518.231\n",
      "TSP_0, Generatia: 3, Distanta: 1446.607, Best fitness 1.000, Best Distanta: 1401.630, Min distance 1446.607\n",
      "TSP_0, Generatia: 4, Distanta: 1424.834, Best fitness 1.000, Best Distanta: 1382.585, Min distance 1424.834\n",
      "Idx 1\n",
      "TSP_1, Generatia: 0, Distanta: 1366.835, Best fitness 1.000, Best Distanta: 1252.683, Min distance 1366.835\n",
      "similar size 240, population size 300\n",
      "TSP_1, Generatia: 1, Distanta: 1366.835, Best fitness 1.000, Best Distanta: 1252.683, Min distance 1366.835\n",
      "TSP_1, Generatia: 2, Distanta: 1366.835, Best fitness 1.000, Best Distanta: 1366.835, Min distance 1366.835\n",
      "TSP_1, Generatia: 3, Distanta: 1366.835, Best fitness 1.000, Best Distanta: 1252.683, Min distance 1366.835\n",
      "TSP_1, Generatia: 4, Distanta: 1366.835, Best fitness 1.000, Best Distanta: 1252.683, Min distance 1366.835\n",
      "Idx 2\n",
      "TSP_2, Generatia: 0, Distanta: 1280.959, Best fitness 1.000, Best Distanta: 1280.959, Min distance 1280.959\n",
      "TSP_2, Generatia: 1, Distanta: 1280.959, Best fitness 1.000, Best Distanta: 1166.807, Min distance 1280.959\n",
      "TSP_2, Generatia: 2, Distanta: 1280.959, Best fitness 1.000, Best Distanta: 1166.807, Min distance 1280.959\n",
      "TSP_2, Generatia: 3, Distanta: 1280.959, Best fitness 1.000, Best Distanta: 1166.807, Min distance 1280.959\n",
      "similar size 297, population size 300\n",
      "TSP_2, Generatia: 4, Distanta: 1280.959, Best fitness 1.000, Best Distanta: 1166.807, Min distance 1280.959\n",
      "Idx 3\n",
      "TSP_3, Generatia: 0, Distanta: 1280.959, Best fitness 1.000, Best Distanta: 1166.807, Min distance 1280.959\n",
      "TSP_3, Generatia: 1, Distanta: 1280.959, Best fitness 1.000, Best Distanta: 1203.039, Min distance 1280.959\n",
      "TSP_3, Generatia: 2, Distanta: 1280.959, Best fitness 1.000, Best Distanta: 1166.807, Min distance 1280.959\n",
      "TSP_3, Generatia: 3, Distanta: 1280.959, Best fitness 1.000, Best Distanta: 1166.807, Min distance 1280.959\n",
      "similar size 241, population size 300\n",
      "TSP_3, Generatia: 4, Distanta: 1280.959, Best fitness 1.000, Best Distanta: 1166.807, Min distance 1280.959\n",
      "Idx 4\n",
      "TSP_4, Generatia: 0, Distanta: 1296.047, Best fitness 1.000, Best Distanta: 1220.231, Min distance 1296.047\n",
      "TSP_4, Generatia: 1, Distanta: 1296.047, Best fitness 1.000, Best Distanta: 1220.231, Min distance 1296.047\n",
      "similar size 166, population size 300\n",
      "TSP_4, Generatia: 2, Distanta: 1296.047, Best fitness 1.000, Best Distanta: 1220.231, Min distance 1296.047\n",
      "TSP_4, Generatia: 3, Distanta: 1296.047, Best fitness 1.000, Best Distanta: 1220.631, Min distance 1296.047\n",
