{
 "cells": [
  {
   "cell_type": "code",
   "execution_count": 2,
   "metadata": {
    "id": "T7bGcMH4lS0h"
   },
   "outputs": [],
   "source": [
    "import numpy as np"
   ]
  },
  {
   "cell_type": "markdown",
   "metadata": {
    "id": "ENLcPGSA5EJt"
   },
   "source": [
    "Set Cover, Graph Coloring, TSP, Knapsack Problem"
   ]
  },
  {
   "cell_type": "code",
   "execution_count": null,
   "metadata": {
    "id": "eMSswecVnzkk"
   },
   "outputs": [],
   "source": [
    "\n",
    "class GeneticAO(object):\n",
    "    \"\"\"Genetic algorithm optimization:\n",
    "\n",
    "    \"\"\"\n",
    "    # constante pentru setarea algoritmului\n",
    "    POPULATION_SIZE = 100   # numarul populatiei\n",
    "    GENOME_LENGTH   = 20    # numarul de genomuri sau log2((b-a)*10^p), p - precizia in zecimale\n",
    "    MUTATION_RATE   = 0.01  # threshold-ul pentru a face o mutatie genetica\n",
    "    CROSSOVER_RATE  = 0.5   # threshold-ul pentru incrucisarea parintilor\n",
    "    GENERATIONS     = 20    # numarul generatiilor\n",
    "\n",
    "    def __init__(self, fitness_fn=None):\n",
    "        if (fitness_fn is not None):\n",
    "            self.fitness = fitness_fn\n",
    "        else:\n",
    "            self.fitness = self.__fitness\n",
    "\n",
    "    def __call__(self):\n",
    "        population = self.init_population()\n",
    "        print(\"population\", population, population.shape)\n",
    "        # init fitness value\n",
    "        fitness_values = self.fitness(population)\n",
    "        # evolutia generatiilor\n",
    "        for generation in range(GeneticAO.GENERATIONS):\n",
    "            new_population = []\n",
    "            # nasterea unei noi generatii\n",
    "            for _ in range(GeneticAO.POPULATION_SIZE//2):\n",
    "                # selectia\n",
    "                parent1 = self.select_parent(population, fitness_values)\n",
    "                parent2 = self.select_parent(population, fitness_values)\n",
    "                # incrucisarea\n",
    "                offspring1, offspring2 = self.crossover(parent1, parent2)\n",
    "                # mutatia\n",
    "                offspring1, offspring2 = self.mutate(offspring1), self.mutate(offspring2)\n",
    "                # nasterea\n",
    "                new_population.extend([offspring1, offspring2])\n",
    "            # schimbarea generatiei\n",
    "            population = np.array(new_population)\n",
    "            # update fitness values\n",
    "            fitness_values = self.fitness(population)\n",
    "            best_fitness   = np.max(fitness_values)\n",
    "            # printeaza metricile\n",
    "            print(\"Generation {}: Best fitness {}\".format(generation, best_fitness))\n",
    "        #\n",
    "        best_index    = np.argmax(fitness_values)\n",
    "        best_solution = population[best_index]\n",
    "        print(\"Best solution: {}\".format(best_solution))\n",
    "        print(\"Best Fitness: {}\".format(self.fitness([best_solution])[0]))\n",
    "\n",
    "\n",
    "    def random_genome(self, length):\n",
    "        return np.random.randint(low=0, high=2, size=length)\n",
    "\n",
    "    def init_population(self):\n",
    "        size = (GeneticAO.POPULATION_SIZE, GeneticAO.GENOME_LENGTH)\n",
    "        return np.random.randint(low=0, high=2, size=size)\n",
    "\n",
    "    def __fitness(self, genome):\n",
    "        return np.sum(genome, axis=1)\n",
    "\n",
    "    def select_parent(self, population, fitness_values):\n",
    "        total_fitness = np.sum(fitness_values, axis=None)\n",
    "        pick = np.random.uniform(low=0, high=total_fitness, size=None)\n",
    "        current = 0\n",
    "        for individ, fitness_value in zip(population, fitness_values):\n",
    "            current += fitness_value\n",
    "            if (current > pick):\n",
    "                return individ\n",
    "\n",
    "    def crossover(self, parent1, parent2):\n",
    "        size = parent1.shape[0]\n",
    "        crossover_rate = np.random.random(size=None)\n",
    "        if (crossover_rate < GeneticAO.CROSSOVER_RATE):\n",
    "            crossover_point = np.random.randint(low=1, high=size, size=None)\n",
    "            child1 = np.concatenate(\n",
    "                (parent1[:crossover_point], parent2[crossover_point:]),\n",
    "                axis=None)\n",
    "            child2 = np.concatenate(\n",
    "                (parent2[:crossover_point], parent1[crossover_point:]),\n",
    "                axis=None)\n",
    "            return child1, child2\n",
    "        else:\n",
    "            return parent1, parent2\n",
    "\n",
    "    def mutate(self, genome):\n",
    "        mutation_rate = np.random.random(size=genome.shape[0])\n",
    "        mutation_arg  = mutation_rate < GeneticAO.MUTATION_RATE\n",
    "        genome[mutation_arg] = np.abs(genome[mutation_arg] - 1)\n",
    "        return genome\n"
   ]
  },
  {
   "cell_type": "code",
   "execution_count": null,
   "metadata": {
    "colab": {
     "base_uri": "https://localhost:8080/"
    },
    "collapsed": true,
    "id": "S5d8_qE7sqXG",
    "jupyter": {
     "outputs_hidden": true
    },
    "outputId": "9ade3cda-b936-464f-b5e3-5cae40fc694e"
   },
   "outputs": [
    {
     "name": "stdout",
     "output_type": "stream",
     "text": [
      "population [[1 0 0 ... 1 0 0]\n",
      " [1 1 0 ... 1 0 1]\n",
      " [0 0 1 ... 0 0 1]\n",
      " ...\n",
      " [0 1 0 ... 1 0 0]\n",
      " [1 0 1 ... 0 1 0]\n",
      " [1 0 0 ... 0 1 1]] (100, 20)\n",
      "Generation 0: Best fitness 16\n",
      "Generation 1: Best fitness 15\n",
      "Generation 2: Best fitness 15\n",
      "Generation 3: Best fitness 15\n",
      "Generation 4: Best fitness 18\n",
      "Generation 5: Best fitness 18\n",
      "Generation 6: Best fitness 18\n",
      "Generation 7: Best fitness 17\n",
      "Generation 8: Best fitness 17\n",
      "Generation 9: Best fitness 16\n",
      "Generation 10: Best fitness 16\n",
      "Generation 11: Best fitness 16\n",
      "Generation 12: Best fitness 16\n",
      "Generation 13: Best fitness 17\n",
      "Generation 14: Best fitness 18\n",
      "Generation 15: Best fitness 18\n",
      "Generation 16: Best fitness 18\n",
      "Generation 17: Best fitness 18\n",
      "Generation 18: Best fitness 17\n",
      "Generation 19: Best fitness 17\n",
      "Best solution: [1 1 1 1 0 1 1 1 1 1 1 0 1 0 1 1 1 1 1 1]\n",
      "Best Fitness: 17\n"
     ]
    }
   ],
   "source": [
    "full_genome = GeneticAO()\n",
    "full_genome()"
   ]
  },
  {
   "cell_type": "code",
   "execution_count": null,
   "metadata": {
    "colab": {
     "base_uri": "https://localhost:8080/"
    },
    "id": "N3Ka0_3WxYfJ",
    "outputId": "07d3a967-47d4-4fc6-bec5-93b5be934864"
   },
   "outputs": [
    {
     "name": "stdout",
     "output_type": "stream",
     "text": [
      "population [[0 1 0 ... 1 1 1]\n",
      " [1 1 0 ... 0 0 1]\n",
      " [0 0 1 ... 0 1 1]\n",
      " ...\n",
      " [1 0 0 ... 1 1 0]\n",
      " [0 0 1 ... 1 1 1]\n",
      " [1 0 0 ... 1 0 1]] (100, 20)\n",
      "Generation 0: Best fitness 0.24390243902439027\n",
      "Generation 1: Best fitness 0.24390243902439027\n",
      "Generation 2: Best fitness 0.3225806451612903\n",
      "Generation 3: Best fitness 0.3225806451612903\n",
      "Generation 4: Best fitness 0.3225806451612903\n",
      "Generation 5: Best fitness 0.47619047619047616\n",
      "Generation 6: Best fitness 0.47619047619047616\n",
      "Generation 7: Best fitness 0.47619047619047616\n",
      "Generation 8: Best fitness 0.9090909090909091\n",
      "Generation 9: Best fitness 0.9090909090909091\n",
      "Generation 10: Best fitness 0.9090909090909091\n",
      "Generation 11: Best fitness 0.9090909090909091\n",
      "Generation 12: Best fitness 10.0\n",
      "Generation 13: Best fitness 10.0\n",
      "Generation 14: Best fitness 10.0\n",
      "Generation 15: Best fitness 10.0\n",
      "Generation 16: Best fitness 10.0\n",
      "Generation 17: Best fitness 10.0\n",
      "Generation 18: Best fitness 10.0\n",
      "Generation 19: Best fitness 10.0\n",
      "Best solution: [0 0 0 0 0 0 0 0 0 0 0 0 0 0 0 0 0 0 0 0]\n",
      "Best Fitness: 10.0\n"
     ]
    }
   ],
   "source": [
    "empty_fitness_fn = lambda genome: 1./(np.sum(genome, axis=1)+0.1)\n",
    "empty_genome = GeneticAO(fitness_fn=empty_fitness_fn)\n",
    "empty_genome()"
   ]
  },
  {
   "cell_type": "code",
   "execution_count": 14,
   "metadata": {},
   "outputs": [
    {
     "data": {
      "text/plain": [
       "array([0. , 0.1, 0.2, 0.3, 0.4, 0.5, 0.6, 0.7, 0.8, 0.9, 1. ])"
      ]
     },
     "execution_count": 14,
     "metadata": {},
     "output_type": "execute_result"
    }
   ],
   "source": [
    "\n",
    "arr1 = np.arange(0, 1.1, 0.1)\n",
    "arr1"
   ]
  },
  {
   "cell_type": "code",
   "execution_count": 9,
   "metadata": {},
   "outputs": [
    {
     "data": {
      "text/plain": [
       "array([0.        , 0.18181818, 0.33333333, 0.46153846, 0.57142857,\n",
       "       0.66666667, 0.75      , 0.82352941, 0.88888889, 0.94736842,\n",
       "       1.        ])"
      ]
     },
     "execution_count": 9,
     "metadata": {},
     "output_type": "execute_result"
    }
   ],
   "source": [
    "2*arr1/(arr1+1)"
   ]
  },
  {
   "cell_type": "code",
   "execution_count": 11,
   "metadata": {},
   "outputs": [
    {
     "data": {
      "text/plain": [
       "array([[0. ],\n",
       "       [0.1],\n",
       "       [0.2],\n",
       "       [0.3],\n",
       "       [0.4],\n",
       "       [0.5],\n",
       "       [0.6],\n",
       "       [0.7],\n",
       "       [0.8],\n",
       "       [0.9],\n",
       "       [1. ]])"
      ]
     },
     "execution_count": 11,
     "metadata": {},
     "output_type": "execute_result"
    }
   ],
   "source": [
    "\n",
    "arr2 = np.arange(0, 1.1, 0.1).reshape(-1, 1)\n",
    "arr2"
   ]
  },
  {
   "cell_type": "code",
   "execution_count": 13,
   "metadata": {},
   "outputs": [
    {
     "data": {
      "text/plain": [
       "array([[0.        , 0.        , 0.        , 0.        , 0.        ,\n",
       "        0.        , 0.        , 0.        , 0.        , 0.        ,\n",
       "        0.        ],\n",
       "       [0.        , 0.09999995, 0.13333329, 0.14999996, 0.15999997,\n",
       "        0.16666664, 0.17142855, 0.17499998, 0.17777776, 0.17999998,\n",
       "        0.18181817],\n",
       "       [0.        , 0.13333329, 0.19999995, 0.23999995, 0.26666662,\n",
       "        0.28571424, 0.29999996, 0.31111108, 0.31999997, 0.3272727 ,\n",
       "        0.33333331],\n",
       "       [0.        , 0.14999996, 0.23999995, 0.29999995, 0.34285709,\n",
       "        0.37499995, 0.39999996, 0.41999996, 0.4363636 , 0.44999996,\n",
       "        0.46153843],\n",
       "       [0.        , 0.15999997, 0.26666662, 0.34285709, 0.39999995,\n",
       "        0.4444444 , 0.47999995, 0.50909086, 0.53333329, 0.55384611,\n",
       "        0.57142853],\n",
       "       [0.        , 0.16666664, 0.28571424, 0.37499995, 0.4444444 ,\n",
       "        0.49999995, 0.5454545 , 0.58333328, 0.61538457, 0.6428571 ,\n",
       "        0.66666662],\n",
       "       [0.        , 0.17142855, 0.29999996, 0.39999996, 0.47999995,\n",
       "        0.5454545 , 0.59999995, 0.6461538 , 0.68571424, 0.71999995,\n",
       "        0.74999995],\n",
       "       [0.        , 0.17499998, 0.31111108, 0.41999996, 0.50909086,\n",
       "        0.58333328, 0.6461538 , 0.69999995, 0.74666662, 0.78749995,\n",
       "        0.82352936],\n",
       "       [0.        , 0.17777776, 0.31999997, 0.4363636 , 0.53333329,\n",
       "        0.61538457, 0.68571424, 0.74666662, 0.79999995, 0.84705877,\n",
       "        0.88888884],\n",
       "       [0.        , 0.17999998, 0.3272727 , 0.44999996, 0.55384611,\n",
       "        0.6428571 , 0.71999995, 0.78749995, 0.84705877, 0.89999995,\n",
       "        0.94736837],\n",
       "       [0.        , 0.18181817, 0.33333331, 0.46153843, 0.57142853,\n",
       "        0.66666662, 0.74999995, 0.82352936, 0.88888884, 0.94736837,\n",
       "        0.99999995]])"
      ]
     },
     "execution_count": 13,
     "metadata": {},
     "output_type": "execute_result"
    }
   ],
   "source": [
    "2*arr1*arr2/(arr1+arr2+1e-7)"
   ]
  }
 ],
 "metadata": {
  "colab": {
   "provenance": []
  },
  "kernelspec": {
   "display_name": "Python 3 (ipykernel)",
   "language": "python",
   "name": "python3"
  },
  "language_info": {
   "codemirror_mode": {
    "name": "ipython",
    "version": 3
   },
   "file_extension": ".py",
   "mimetype": "text/x-python",
   "name": "python",
   "nbconvert_exporter": "python",
   "pygments_lexer": "ipython3",
   "version": "3.12.3"
  }
 },
 "nbformat": 4,
 "nbformat_minor": 4
}
